from mathutils import Matrix

bounding_boxes = {
    "HAT": Matrix((
        (0.24752360582351685, 0.0, 0.0, 1.5518353314664353e-17),
        (0.0, 0.2147751748561859, 0.0, 0.02373569831252098),
        (0.0, 0.0, 0.2147751748561859, 0.06809362024068832),
        (0.0, 0.0, 0.0, 1.0),
    )),
    "EYE": Matrix((
        (-0.1696079969406128, 0.0, 0.0, 8.621306477946182e-18),
        (0.0, -0.12244433164596558, 0.0, -0.014573657885193825),
        (0.0, 0.0, -0.08894886076450348, 0.03882691264152527),
        (0.0, 0.0, 0.0, 1.0),
    )),
    "WAIST": Matrix((
        (0.21492888033390045, 0.0, 0.0, 0.00043955014552921057),
        (0.0, 0.18409372866153717, 0.0, 0.005714174825698137),
        (0.0, 0.0, 0.15886080265045166, -0.17054541409015656),
        (0.0, 0.0, 0.0, 1.0),
    )),
    "MOUTH": Matrix((
        (0.18133948743343353, 0.0, 0.0, 0.002798061352223158),
        (0.0, 0.06150005757808685, 0.0, -0.06359229981899261),
        (0.0, 0.0, 0.07814083993434906, -0.0702737420797348),
        (0.0, 0.0, 0.0, 1.0),
    )),
    "BACK": Matrix((
        (0.21114633977413177, 0.0, 0.0, -0.0004395497962832451),
        (0.0, 0.1183236762881279, 0.0, 0.092305488884449),
        (0.0, 0.0, 0.18629680573940277, 0.032403621822595596),
        (0.0, 0.0, 0.0, 1.0),
    )),
    "FACE": Matrix((
        (0.13800902664661407, 0.0, 0.0, 0.0),
        (0.0, 0.021320292726159096, 0.0, -0.07012688368558884),
        (0.0, 0.0, 0.09806820005178452, 0.0065712034702301025),
        (0.0, 0.0, 0.0, 1.0),
    )),
    "WRIST": Matrix((
        (0.19770941138267517, 0.0, 0.0, 0.0002827747957780957),
        (0.0, 0.0643545463681221, 0.0, 0.00396817596629262),
        (0.0, 0.0, 0.08385735005140305, -0.15609204769134521),
        (0.0, 0.0, 0.0, 1.0),
    )),
    "WRIST.L": Matrix((
        (0.053662125021219254, 0.0, 0.0, 0.14438198506832123),
        (0.0, 0.0643545463681221, 0.0, 0.00396817596629262),
        (0.0, 0.0, 0.08385735005140305, -0.15609204769134521),
        (0.0, 0.0, 0.0, 1.0),
    )),
    "WRIST.R": Matrix((
        (0.053662125021219254, 0.0, 0.0, -0.14440245926380157),
        (0.0, 0.0643545463681221, 0.0, 0.00396817596629262),
        (0.0, 0.0, 0.08385735005140305, -0.15609204769134521),
        (0.0, 0.0, 0.0, 1.0),
    )),
    "TOPPER": Matrix((
        (0.05744877830147743, 0.0, 0.0, 0.07978133112192154),
        (0.0, 0.05744877830147743, 0.0, 0.006535846274346113),
        (0.0, 0.0, 0.06342986971139908, 0.20351600646972656),
        (0.0, 0.0, 0.0, 1.0),
    )),
    "EAR.L": Matrix((
        (0.05989878997206688, 0.0, 0.0, 0.18587683141231537),
        (0.0, 0.05118504539132118, 0.0, -0.0065932497382164),
        (0.0, 0.0, 0.08574458211660385, 0.007226200774312019),
        (0.0, 0.0, 0.0, 1.0),
    )),
    "EAR.R": Matrix((
        (0.05989878997206688, 0.0, 0.0, -0.1862754076719284),
        (0.0, 0.05118504539132118, 0.0, -0.0065932497382164),
        (0.0, 0.0, 0.08574458211660385, 0.007226200774312019),
        (0.0, 0.0, 0.0, 1.0),
    )),
    "EAR.BOTH": Matrix((
        (-0.24637772142887115, 0.0, 0.0, 0.0),
        (0.0, -0.05274604260921478, 0.0, -0.006226957775652409),
        (0.0, 0.0, -0.08760751038789749, 0.005128082353621721),
        (0.0, 0.0, 0.0, 1.0),
    )),
    "HAIR": Matrix((
        (0.2605249881744385, 0.0, 0.0, -0.0009114507120102644),
        (0.0, 0.15250808000564575, 0.0, 0.007911888882517815),
        (0.0, 0.0, 0.2051687389612198, 0.09109937399625778),
        (0.0, 0.0, 0.0, 1.0),
    )),
    "MASK": Matrix((
        (0.1976800113916397, 0.0, 0.0, 0.0),
        (0.0, 0.11952931433916092, 0.0, -0.0016116834012791514),
        (0.0, 0.0, 0.13980433344841003, 0.01296672597527504),
        (0.0, 0.0, 0.0, 1.0),
    )),
    "WINGS": Matrix((
        (0.30116280913352966, 0.0, 0.0, -0.000615367665886879),
        (0.0, 0.0946495532989502, 0.0, 0.11481044441461563),
        (0.0, 0.0, 0.12344074249267578, 0.03841666504740715),
        (0.0, 0.0, 0.0, 1.0),
    )),
    "NOSE": Matrix((
        (0.027954494580626488, 0.0, 0.0, -3.740936517715454e-05),
        (0.0, 0.04962059482932091, 0.0, -0.10059019923210144),
        (0.0, 0.0, 0.027954494580626488, 0.017005302011966705),
        (0.0, 0.0, 0.0, 1.0),
    )),
}
